-16.96 -5.54 -9.14 -0.02 -0.04 0.94 
5.64 0.79 1.38 -0.02 -0.07 0.98 
-9.34 -1.54 -1.53 -0.03 -0.09 0.99 
-4.43 0.61 0.66 -0.04 -0.09 0.98 
-2.89 0.08 -1.68 -0.03 -0.06 0.99 
-5.76 1.23 1.56 -0.04 -0.07 0.99 
-7.02 1.92 4.75 -0.03 -0.07 0.99 
1.02 0.95 -0.73 -0.04 -0.07 0.98 
--------------end----------------
-3.84 1.38 0.95 0.05 0.0 0.99 
-5.22 -1.99 0.49 0.05 -0.0 0.98 
-4.36 -0.5 1.73 0.05 0.01 0.98 
-4.01 -1.44 0.32 0.05 0.0 0.98 
-5.44 0.18 1.64 0.05 -0.0 0.99 
-4.41 0.53 0.75 0.06 0.0 0.99 
--------------end----------------
-4.95 1.63 2.09 0.0 0.05 0.97 
-3.01 -2.43 -0.67 -0.0 0.05 0.99 
-3.26 0.52 1.69 -0.01 0.05 0.97 
-4.96 -0.55 0.67 -0.0 0.05 0.98 
-1.7 -1.71 0.53 -0.01 0.06 0.98 
-3.62 -1.83 1.08 -0.0 0.06 0.98 
-4.48 1.82 1.25 -0.01 0.05 0.99 
-5.12 -0.31 1.39 -0.0 0.06 0.98 
-5.83 -0.16 1.09 0.01 0.06 0.97 
-4.68 0.11 0.6 -0.02 0.05 0.99 
5.15 4.45 -0.61 0.01 0.07 0.99 
--------------end----------------
-3.82 -1.47 -0.15 0.0 0.06 0.99 
-5.72 -0.07 1.21 -0.0 0.08 0.97 
-6.11 0.64 0.69 0.0 0.07 0.97 
-8.02 -0.56 0.03 0.01 0.06 0.96 
-3.96 -0.47 0.7 0.01 0.06 0.99 
-4.71 1.29 1.59 0.0 0.06 0.97 
-4.11 -1.37 1.11 0.0 0.07 0.99 
-4.53 -1.16 0.98 -0.0 0.07 0.98 
-7.87 -1.66 0.45 -0.0 0.07 0.96 
-8.4 -0.52 1.01 -0.0 0.05 0.98 
--------------end----------------
-5.34 1.43 2.49 -0.02 -0.11 0.99 
-2.4 -4.51 -1.55 -0.02 -0.11 0.99 
-6.37 0.85 1.09 -0.0 -0.11 0.96 
-4.48 2.21 1.31 -0.02 -0.11 0.98 
-2.95 -0.07 1.25 -0.0 -0.11 1.01 
-3.23 -1.89 0.55 -0.01 -0.1 0.98 
--------------end----------------
-1.74 -1.75 1.69 0.02 0.04 0.98 
-2.96 0.11 -0.93 0.02 0.05 0.97 
-3.4 -0.57 -0.6 0.01 0.04 0.99 
-5.44 -0.21 1.5 0.01 0.05 0.97 
-4.4 -1.58 -0.75 0.02 0.05 0.99 
--------------end----------------
-4.76 -0.05 1.85 -0.06 0.22 0.95 
-5.65 -1.93 1.08 -0.05 0.21 0.96 
-5.82 -0.62 1.47 -0.06 0.22 0.96 
-6.35 -0.32 0.95 -0.05 0.2 0.98 
-5.15 -0.81 1.27 -0.05 0.2 0.98 
-6.15 0.34 -0.15 -0.05 0.2 0.96 
-6.22 0.69 -0.57 -0.05 0.19 0.95 
--------------end----------------
-1.28 -1.31 0.29 0.1 -0.39 0.91 
-1.78 -0.15 -0.34 0.11 -0.38 0.9 
-1.93 1.05 2.34 0.09 -0.37 0.89 
-4.85 -1.8 0.74 0.1 -0.37 0.88 
-4.51 -2.45 1.19 0.11 -0.38 0.92 
-3.18 0.68 1.27 0.1 -0.38 0.9 
-5.69 0.34 0.87 0.09 -0.38 0.91 
-4.02 0.12 1.62 0.1 -0.39 0.9 
-3.18 -1.15 0.33 0.1 -0.38 0.91 
--------------end----------------
-5.31 -0.59 1.32 0.06 -0.04 0.99 
-4.18 -0.53 1.14 0.06 -0.04 0.97 
-5.12 -0.76 1.43 0.06 -0.04 0.98 
-5.03 -0.34 1.27 0.06 -0.03 0.99 
-5.39 0.07 0.06 0.07 -0.05 0.99 
-3.89 -2.17 1.69 0.07 -0.03 0.98 
-3.52 -0.81 -0.2 0.07 -0.03 0.99 
-4.34 0.92 0.51 0.07 -0.03 0.97 
--------------end----------------
-6.04 -1.02 2.85 0.05 -0.02 0.99 
-6.34 -1.98 1.63 0.08 -0.01 0.98 
-5.55 -1.8 1.11 0.07 -0.04 0.99 
-5.83 -0.64 1.56 0.07 -0.02 0.98 
-7.84 -1.42 2.27 0.06 -0.02 0.96 
-3.02 -0.53 2.64 0.09 -0.03 1.0 
-4.13 -2.8 2.07 0.08 -0.04 0.97 
-5.18 -2.07 2.08 0.09 -0.03 0.97 
-8.08 -1.68 2.34 0.1 -0.04 0.99 
--------------end----------------
-11.27 1.85 4.18 0.09 -0.04 0.99 
-0.09 -0.85 -0.38 0.07 -0.03 0.98 
-4.85 0.95 2.96 0.08 -0.02 0.96 
-4.86 -4.23 -3.08 0.08 -0.04 0.99 
-6.47 0.9 2.55 0.09 -0.03 0.99 
-4.44 -0.4 1.75 0.08 -0.03 0.99 
-5.86 1.23 0.79 0.08 -0.02 0.99 
-3.67 -0.64 1.08 0.08 -0.02 0.99 
-3.81 -0.65 1.04 0.08 -0.0 0.98 
4.76 -0.59 0.78 0.08 -0.02 1.01 
--------------end----------------
-5.13 -0.99 0.53 0.07 0.0 0.96 
-5.32 -0.25 0.7 0.08 -0.01 0.97 
-3.51 -0.18 1.28 0.07 0.01 0.97 
-2.94 -0.74 0.6 0.07 0.01 0.97 
-5.59 -1.22 1.34 0.08 -0.0 0.98 
-5.31 -0.01 1.98 0.07 0.01 0.98 
-3.18 -1.15 0.39 0.08 0.01 0.97 
-5.57 -1.16 1.85 0.07 0.01 0.99 
--------------end----------------
-5.82 -2.11 1.63 0.05 0.03 0.99 
-4.92 -2.45 -0.21 0.06 0.01 0.98 
-4.31 0.09 2.05 0.05 0.02 0.97 
-2.38 -0.51 0.86 0.06 0.01 0.98 
-4.35 -0.98 0.64 0.06 0.03 0.96 
-2.86 3.24 2.48 0.05 0.03 0.98 
-4.63 -1.06 2.47 0.06 0.04 0.97 
-3.83 1.27 0.86 0.06 0.03 0.96 
--------------end----------------
-7.01 -2.24 -1.54 0.06 0.03 1.0 
-12.94 3.98 0.6 0.05 0.02 0.96 
-7.02 -0.25 -0.79 0.06 0.03 0.99 
-4.82 -0.01 2.21 0.05 0.01 1.01 
-5.07 -1.32 1.67 0.07 0.01 1.0 
-4.47 -1.73 2.33 0.07 0.01 0.98 
-6.25 0.56 1.53 0.04 0.04 0.96 
-8.04 2.28 1.38 0.05 0.01 0.99 
--------------end----------------
-10.14 -0.49 0.31 0.04 0.01 1.02 
-6.87 0.77 1.71 0.05 0.03 0.98 
-4.66 0.34 0.8 0.04 0.03 0.99 
-5.5 -0.43 1.41 0.05 0.02 0.98 
-3.76 -0.6 1.47 0.05 0.02 0.99 
-2.73 -0.73 1.76 0.05 0.01 1.0 
-6.44 -0.79 0.83 0.06 0.03 1.0 
2.99 0.94 -0.35 0.06 0.02 1.02 
--------------end----------------
-7.85 -0.24 0.79 0.05 0.03 1.01 
-4.63 -0.08 2.01 0.05 0.04 0.97 
-7.97 1.79 1.73 0.05 0.04 0.97 
-5.05 0.54 0.59 0.05 0.03 0.99 
-4.85 -1.18 0.31 0.04 0.03 0.99 
-4.49 -1.79 1.05 0.05 0.03 0.98 
-4.63 -0.1 0.96 0.05 0.03 0.96 
-4.57 0.02 0.32 0.05 0.03 0.98 
-3.02 0.58 0.45 0.05 0.03 0.98 
-1.32 1.35 1.41 0.05 0.03 1.0 
--------------end----------------
-11.19 -7.87 -2.09 -0.0 -0.09 0.95 
-2.29 0.53 -3.5 0.0 -0.05 1.0 
-2.15 3.7 0.92 -0.01 -0.05 0.96 
-6.83 1.4 2.12 -0.02 -0.04 0.98 
-7.47 -0.23 1.37 -0.0 -0.07 0.98 
-4.44 -0.05 -0.45 -0.01 -0.06 0.98 
-13.2 -6.94 5.18 0.0 -0.06 0.98 
-3.69 0.41 0.29 -0.0 -0.07 0.97 
--------------end----------------
-3.25 -3.26 2.13 0.0 -0.04 0.97 
-2.36 5.51 2.78 0.0 -0.05 1.0 
-3.59 -4.56 0.15 -0.01 -0.02 0.97 
-2.8 -2.85 -1.76 0.01 -0.05 0.99 
-4.04 4.26 -1.01 0.02 -0.03 0.98 
-4.31 -1.73 -1.88 -0.01 -0.04 0.98 
-3.98 -2.7 0.34 -0.0 -0.03 0.98 
--------------end----------------
-4.07 -2.14 0.4 0.03 -0.02 0.98 
-4.11 -2.11 1.73 0.03 -0.02 0.99 
-4.89 0.94 1.08 0.03 -0.02 0.98 
-4.47 0.21 0.24 0.03 -0.02 0.97 
3.43 10.4 -3.97 0.07 -0.04 1.04 
--------------end----------------
-4.47 -0.02 0.57 0.01 -0.01 0.98 
-5.34 -1.62 0.78 0.02 -0.01 0.98 
-4.71 -0.7 0.94 0.02 -0.01 0.98 
-4.77 -0.52 0.36 0.02 -0.01 0.98 
-4.27 -1.02 0.59 0.02 -0.0 1.0 
-3.76 -0.81 1.19 0.03 -0.0 0.97 
--------------end----------------
-29.44 4.68 -0.98 0.13 -0.03 1.13 
-17.6 5.29 -13.29 0.02 -0.04 1.04 
-7.39 6.56 -3.11 0.03 -0.01 0.97 
-1.71 0.47 0.21 0.01 -0.04 0.98 
-3.45 0.82 -1.2 0.0 -0.02 0.98 
-4.4 5.32 -8.92 -0.01 -0.02 0.96 
-5.27 1.59 -7.79 0.01 -0.02 0.97 
-3.47 -0.99 1.22 0.0 -0.03 0.99 
-3.69 0.09 0.81 0.01 -0.02 0.97 
-3.2 0.82 2.95 0.01 -0.03 0.99 
--------------end----------------
-8.04 1.97 -3.69 0.02 -0.0 0.99 
-5.94 -2.03 -5.99 0.01 -0.01 0.98 
-7.49 1.91 0.74 0.02 -0.02 0.97 
-5.84 1.66 -2.13 0.01 -0.03 0.99 
-4.47 0.89 -1.51 0.02 -0.02 0.99 
-1.37 -1.8 2.08 0.01 -0.01 0.97 
-5.34 -1.92 0.08 0.01 -0.02 0.98 
-6.05 2.1 0.74 0.02 -0.01 0.99 
-3.49 0.38 0.89 0.01 -0.02 0.99 
-3.63 3.27 1.73 -0.0 -0.03 1.0 
--------------end----------------
-6.67 4.16 2.06 0.01 -0.01 0.99 
-4.91 -1.54 3.65 -0.0 -0.03 0.98 
-4.56 -0.7 2.1 0.0 -0.02 0.98 
-5.2 1.46 2.54 -0.01 -0.03 0.99 
-4.58 0.04 1.27 0.01 -0.01 0.97 
-0.09 1.15 0.69 0.01 -0.02 1.0 
--------------end----------------
-2.5 -2.93 0.87 -0.09 0.07 0.98 
-3.12 -0.46 3.16 -0.08 0.07 0.98 
-4.36 -0.15 1.69 -0.08 0.07 0.98 
-4.66 -0.63 2.23 -0.09 0.07 0.97 
-5.08 -0.4 1.43 -0.08 0.08 0.98 
-2.66 0.66 0.78 -0.07 0.07 0.99 
--------------end----------------
-5.29 -0.67 2.82 -0.08 0.07 0.97 
-4.28 -1.89 1.79 -0.08 0.07 0.99 
-2.27 1.48 1.12 -0.09 0.06 1.0 
-3.98 -2.75 2.29 -0.07 0.07 0.99 
-3.82 0.95 1.0 -0.08 0.07 0.97 
-5.8 -1.93 2.34 -0.07 0.07 0.98 
-3.98 1.23 1.28 -0.08 0.06 0.97 
-3.85 -1.91 1.34 -0.07 0.07 0.99 
--------------end----------------
0.37 -0.5 -2.11 -0.15 -0.07 1.0 
-3.15 0.18 9.74 -0.14 -0.03 0.97 
-4.28 -0.58 1.87 -0.13 -0.04 0.97 
-3.45 -1.83 1.38 -0.13 -0.04 0.98 
-4.88 -1.29 2.08 -0.13 -0.03 0.96 
-6.4 1.36 4.34 -0.13 -0.04 0.96 
--------------end----------------
-8.34 2.27 -2.48 -0.17 -0.05 0.96 
-4.72 -2.36 -0.53 -0.17 -0.09 0.98 
-2.05 -2.43 1.53 -0.16 -0.07 0.96 
-6.32 -1.15 -0.19 -0.16 -0.08 0.97 
-3.72 1.68 1.24 -0.16 -0.07 0.98 
-4.74 1.89 0.73 -0.15 -0.06 0.98 
-1.94 0.47 0.61 -0.17 -0.07 0.95 
-4.35 -2.61 0.29 -0.16 -0.07 0.97 
6.27 7.34 2.16 -0.16 -0.09 1.03 
--------------end----------------
-3.96 -6.63 0.57 -0.16 -0.04 0.97 
-4.15 -2.94 1.71 -0.17 -0.04 0.96 
-5.11 -0.88 1.18 -0.16 -0.05 0.97 
-4.66 0.69 1.46 -0.17 -0.04 0.96 
-4.53 0.85 0.73 -0.15 -0.05 0.97 
-4.84 -0.36 1.46 -0.16 -0.05 0.97 
-1.63 1.64 0.08 -0.16 -0.05 0.97 
-5.38 -3.18 1.79 -0.18 -0.06 0.96 
-6.25 -3.01 1.13 -0.16 -0.04 0.95 
2.0 5.56 2.32 -0.14 -0.03 0.97 
--------------end----------------
-6.77 -1.8 -0.93 -0.17 -0.05 0.97 
-5.65 -0.94 3.04 -0.17 -0.05 0.96 
-5.68 0.63 1.51 -0.16 -0.04 0.96 
-3.72 -2.34 1.29 -0.16 -0.04 0.97 
-5.86 -0.64 1.27 -0.16 -0.04 0.96 
-4.47 3.12 0.63 -0.16 -0.05 0.97 
-4.08 0.81 0.48 -0.15 -0.04 0.98 
--------------end----------------
-4.2 -3.68 -2.65 -0.14 -0.05 0.98 
-3.09 -5.9 -0.05 -0.16 -0.08 1.0 
-3.19 1.53 0.94 -0.15 -0.07 0.97 
4.35 -2.96 -4.86 -0.17 -0.06 0.96 
-0.38 0.53 -0.16 -0.15 -0.05 0.99 
2.63 -3.82 -0.39 -0.14 -0.05 0.96 
-9.53 -1.53 -1.66 -0.14 -0.05 0.97 
-5.53 -0.78 0.53 -0.14 -0.04 0.97 
-1.36 -0.4 1.4 -0.14 -0.06 0.99 
--------------end----------------
-4.5 -1.49 7.69 -0.05 0.01 0.99 
-1.25 -2.48 6.12 -0.04 0.02 1.0 
-5.63 0.88 3.25 -0.07 0.0 0.98 
-8.37 0.69 4.09 -0.06 0.0 0.96 
-5.27 -0.05 2.24 -0.06 0.0 1.0 
-3.36 -2.03 1.85 -0.06 0.0 0.97 
-5.34 -0.74 2.26 -0.06 -0.0 0.98 
-3.55 0.93 3.53 -0.06 0.0 0.94 
-1.31 -0.65 0.06 -0.04 0.0 1.01 
--------------end----------------
-3.07 -1.59 0.08 -0.06 0.03 1.01 
-3.34 -2.0 1.63 -0.06 0.02 1.0 
-5.4 -0.63 2.32 -0.06 0.03 0.95 
-0.95 -1.49 0.94 -0.06 0.02 1.0 
-5.4 -1.12 -0.34 -0.05 0.04 0.98 
-2.82 -1.99 2.2 -0.04 0.04 0.97 
-2.79 -4.6 1.06 -0.04 0.03 0.97 
-4.58 1.11 0.96 -0.05 0.04 0.97 
-8.89 -2.66 -0.73 -0.05 0.06 0.96 
-5.33 2.08 0.47 -0.05 0.04 0.99 
--------------end----------------
-4.47 -3.95 1.18 -0.06 0.09 0.98 
-6.03 0.05 1.49 -0.08 0.09 0.98 
-6.08 0.44 3.19 -0.08 0.08 0.99 
-2.51 -0.96 3.95 -0.07 0.09 0.98 
-4.56 1.7 4.05 -0.07 0.08 0.98 
-5.92 -0.05 1.06 -0.08 0.09 0.97 
-3.24 -1.08 1.88 -0.07 0.09 0.99 
--------------end----------------
-5.02 2.05 2.53 -0.09 0.06 1.02 
--------------end----------------
-5.66 -3.77 3.72 -0.07 0.09 0.97 
-4.18 -1.85 2.02 -0.07 0.09 0.97 
-6.2 -0.98 0.82 -0.07 0.1 0.95 
-8.88 -1.27 -0.3 -0.05 0.07 1.02 
-6.73 -0.57 0.37 -0.04 0.06 1.03 
0.63 -1.34 3.33 -0.06 0.09 0.98 
-2.92 0.34 1.23 -0.04 0.11 0.93 
-10.36 0.24 0.01 -0.04 0.11 0.94 
-8.05 -0.4 0.38 -0.04 0.06 1.03 
1.32 5.43 2.84 -0.08 0.1 0.97 
--------------end----------------
-2.55 -6.92 -10.85 0.12 0.18 0.97 
-10.37 3.86 -1.76 0.1 0.18 0.97 
-5.31 3.01 1.49 0.04 0.2 0.97 
-2.56 13.66 9.04 0.1 0.17 0.93 
-4.21 -4.66 -0.79 0.09 0.17 0.95 
-4.39 2.76 -0.37 0.08 0.18 0.97 
-1.9 -0.37 3.53 0.08 0.18 0.97 
-7.18 -3.78 -2.31 0.06 0.19 0.98 
0.44 10.21 2.12 0.06 0.19 0.97 
--------------end----------------
-2.89 1.73 1.29 0.08 0.09 0.98 
-5.38 -2.08 0.86 0.09 0.09 0.99 
-7.79 -0.74 1.93 0.07 0.1 0.96 
-7.96 -0.88 2.79 0.09 0.09 0.98 
-4.95 -0.75 0.92 0.09 0.09 0.98 
-4.63 -0.51 0.1 0.09 0.08 0.97 
-3.85 0.97 0.7 0.08 0.09 0.97 
--------------end----------------
0.79 -2.31 -0.63 0.18 -0.0 0.88 
-9.73 0.73 -6.18 0.18 -0.02 1.0 
1.15 -3.79 3.02 0.21 -0.04 0.96 
-4.93 -1.66 -2.16 0.18 -0.01 0.93 
-11.43 0.34 0.78 0.22 -0.05 0.99 
1.4 -3.25 1.36 0.16 0.03 0.95 
-6.42 -3.27 4.3 0.22 -0.05 0.91 
-5.56 0.52 0.08 0.16 0.02 1.04 
--------------end----------------
-20.59 -6.23 -4.39 0.01 0.02 0.99 
-7.26 8.76 3.84 0.03 -0.01 1.01 
-0.04 1.17 0.23 -0.01 0.0 1.0 
-6.39 0.25 0.27 -0.01 -0.0 0.99 
-5.36 2.02 0.8 0.0 -0.01 1.0 
-10.24 2.18 3.73 0.02 -0.03 1.02 
-4.14 3.08 0.86 -0.01 -0.04 0.96 
68.21 64.49 18.31 -0.13 0.03 1.23 
--------------end----------------
-44.5 -31.02 24.45 -0.07 0.17 0.79 
-16.47 -17.09 4.54 0.15 0.02 0.98 
-15.47 -5.44 -0.01 0.1 0.04 1.06 
-6.6 -1.54 -2.76 0.09 0.03 1.01 
-0.98 2.71 -3.05 0.07 0.02 0.98 
-2.58 3.6 -0.31 0.07 0.03 0.97 
-2.78 2.53 -2.53 0.07 0.04 0.96 
--------------end----------------
-7.1 -13.85 -1.65 0.14 0.0 0.91 
-20.29 -1.97 3.03 0.04 -0.06 1.07 
-6.34 -6.87 7.63 0.05 -0.07 1.02 
-6.7 -4.01 2.74 0.11 -0.02 0.95 
-6.62 -3.99 1.63 0.14 -0.04 0.96 
-8.15 2.53 -0.67 0.08 -0.05 0.99 
-5.63 -1.64 0.73 0.07 -0.07 0.99 
-8.13 0.47 2.15 0.08 -0.07 0.99 
-5.82 -2.89 -0.27 0.1 -0.06 0.99 
-2.84 1.02 2.5 0.1 -0.06 0.99 
--------------end----------------
-53.89 -17.57 2.85 0.29 0.14 0.87 
-12.72 17.95 7.92 0.1 0.09 1.04 
-7.61 8.06 -7.18 0.12 0.06 0.91 
-14.89 -2.89 -8.2 0.11 0.02 0.99 
-14.73 -6.76 -0.53 0.11 0.05 1.0 
-3.6 -3.34 -3.18 0.1 0.03 1.03 
-5.02 -2.18 -0.89 0.12 0.04 0.94 
-9.1 4.79 -2.12 0.09 0.04 0.97 
-8.22 2.34 -1.8 0.1 0.02 1.0 
-7.56 -0.41 -1.82 0.1 0.02 0.98 
-3.69 0.37 -3.01 0.08 0.01 1.0 
-5.66 -1.57 -1.56 0.07 0.01 1.0 
-2.85 -1.58 -1.47 0.07 0.01 0.99 
0.89 -1.53 -1.91 0.1 0.0 1.01 
--------------end----------------
-24.4 -28.79 1.6 0.16 0.04 0.96 
-6.2 3.86 2.16 0.11 0.03 0.97 
-7.45 0.77 1.22 0.12 0.03 0.96 
-6.74 0.31 3.31 0.13 0.03 0.96 
-9.22 -0.66 1.05 0.14 0.03 0.96 
-4.08 -0.65 1.93 0.13 0.02 1.0 
-8.96 -1.82 1.98 0.13 0.02 0.96 
-7.29 -0.21 0.74 0.12 0.01 0.98 
-1.56 -0.94 1.9 0.13 0.01 0.99 
--------------end----------------
28.06 31.24 -4.28 -0.16 -0.01 0.89 
-5.83 -17.15 0.11 -0.16 -0.06 0.9 
-7.97 -1.78 -1.66 -0.03 0.04 0.9 
-10.36 1.29 2.9 0.04 0.02 0.93 
-8.76 4.74 3.82 0.02 0.0 1.02 
-15.36 -3.95 2.85 0.03 -0.02 0.98 
-5.31 -0.6 3.09 0.04 -0.03 0.98 
-4.5 -2.73 0.79 0.03 -0.02 0.94 
--------------end----------------
-6.15 -16.37 4.73 -0.18 -0.12 1.03 
-6.43 -5.53 7.27 -0.12 -0.14 1.0 
-4.74 -6.65 -1.15 -0.11 -0.1 1.03 
-1.18 -8.44 -1.31 -0.11 -0.08 0.96 
-8.89 1.76 1.1 -0.09 -0.07 0.98 
--------------end----------------
-27.39 47.05 -1.05 0.05 0.06 0.96 
-18.21 35.59 9.68 0.04 0.06 0.91 
-22.9 12.21 6.52 -0.0 -0.06 1.05 
-0.79 -2.4 -0.56 -0.03 -0.03 0.99 
1.59 8.68 -0.71 -0.07 -0.04 0.96 
-4.58 6.64 2.37 -0.08 -0.03 0.96 
-4.03 -3.53 0.53 -0.06 -0.03 0.93 
--------------end----------------
-14.6 5.31 -16.44 -0.3 0.13 0.89 
-13.07 5.25 -12.12 -0.31 0.13 0.91 
-5.59 11.87 -12.46 -0.28 0.12 0.99 
6.11 0.64 -13.96 -0.37 0.12 0.94 
-3.08 4.85 -1.47 -0.37 0.12 0.92 
-5.44 -6.74 4.49 -0.31 0.1 0.9 
-7.47 -1.53 3.81 -0.28 0.1 0.87 
--------------end----------------
-26.2 0.69 7.55 -0.15 0.04 0.97 
-19.92 3.78 -2.26 -0.1 0.01 1.0 
-1.53 -1.05 -4.6 -0.17 -0.03 1.05 
--------------end----------------
-12.45 42.76 2.02 -0.0 -0.02 1.08 
-5.94 -4.56 2.69 -0.0 -0.01 0.96 
-10.37 8.21 1.86 -0.03 -0.0 0.96 
-9.82 -5.25 1.4 -0.02 -0.02 0.99 
-6.33 11.73 -2.12 -0.02 -0.02 0.98 
-5.79 -0.15 0.85 -0.03 -0.03 0.99 
-6.02 2.88 -0.05 -0.01 -0.03 0.99 
--------------end----------------
-5.3 -3.26 1.68 -0.05 -0.01 0.97 
-3.56 1.46 -2.07 -0.01 0.01 0.97 
-1.34 -2.37 1.72 -0.05 -0.07 0.97 
-0.6 4.45 2.03 -0.09 -0.06 0.98 
-4.77 -2.63 1.45 -0.08 -0.05 0.97 
-8.07 -7.91 0.3 -0.07 -0.05 0.96 
-3.19 -1.94 1.44 -0.06 -0.05 0.96 
-3.73 -0.13 3.31 -0.06 -0.05 0.99 
-3.37 4.76 -0.52 -0.04 -0.05 0.97 
--------------end----------------
-7.28 -0.33 2.01 -0.2 -0.01 0.97 
-8.32 -7.85 6.24 -0.12 -0.03 0.99 
-4.26 -6.7 -1.11 -0.1 -0.02 0.92 
3.85 -2.16 12.89 -0.12 -0.04 1.11 
-9.69 3.24 -6.82 -0.23 -0.03 0.86 
-5.24 -3.98 -1.27 -0.18 -0.03 0.91 
-4.73 -10.82 0.16 -0.18 -0.01 0.96 
-6.08 1.31 0.28 -0.18 0.0 0.97 
-2.15 -1.15 1.83 -0.18 -0.02 0.99 
-6.1 7.82 1.14 -0.19 -0.01 1.01 
--------------end----------------
10.11 -20.45 -14.31 -0.08 -0.06 0.95 
-15.28 -2.61 11.09 -0.12 -0.03 0.83 
0.09 3.58 11.6 0.01 -0.23 1.07 
-4.04 1.47 -8.52 -0.11 -0.1 0.94 
-7.31 0.69 -0.95 -0.11 -0.12 0.97 
-4.79 -0.18 1.16 -0.09 -0.14 0.97 
-3.12 1.43 2.06 -0.11 -0.13 0.95 
-4.24 -1.09 1.18 -0.12 -0.14 0.99 
-5.13 -2.72 0.51 -0.1 -0.15 0.92 
-4.05 0.23 -1.76 -0.11 -0.12 0.97 
20.0 11.6 4.56 -0.1 -0.13 1.0 
--------------end----------------
-2.5 5.01 -0.25 -0.14 -0.06 0.96 
-5.0 3.56 -4.77 -0.15 -0.03 0.97 
4.94 2.25 -1.82 -0.14 -0.05 0.96 
-8.84 2.34 -12.42 -0.18 -0.03 0.96 
-16.38 -6.34 -9.66 -0.2 -0.06 1.02 
-5.82 -10.94 -9.22 -0.2 -0.05 0.95 
-10.11 -0.63 -0.25 -0.16 -0.02 0.96 
-13.09 -7.24 0.52 -0.14 -0.06 0.99 
--------------end----------------
-11.11 3.78 -3.89 -0.28 -0.13 0.9 
-1.97 2.06 -0.54 -0.3 -0.13 0.92 
-4.92 1.82 1.73 -0.31 -0.12 0.96 
-4.52 1.87 2.01 -0.27 -0.11 0.94 
-1.63 3.72 1.5 -0.3 -0.12 0.93 
-4.47 1.44 0.16 -0.32 -0.12 0.95 
-7.41 -0.99 -2.23 -0.29 -0.12 0.92 
-1.82 2.85 4.7 -0.29 -0.12 0.92 
-4.4 -1.11 -0.43 -0.3 -0.12 0.95 
-9.43 -0.2 -4.76 -0.32 -0.14 0.9 
-3.51 3.75 -0.27 -0.31 -0.14 0.92 
-5.67 1.94 0.44 -0.29 -0.12 0.92 
0.66 5.76 -3.79 -0.29 -0.13 0.97 
--------------end----------------
-11.57 13.42 9.64 -0.17 -0.0 0.91 
-6.57 0.16 5.34 -0.19 -0.04 0.97 
-4.46 -1.78 3.26 -0.16 -0.05 0.97 
-4.6 5.83 7.44 -0.18 -0.04 0.97 
-9.43 0.15 1.71 -0.16 -0.02 0.94 
-7.56 -0.45 0.96 -0.2 -0.01 0.99 
-4.82 -0.92 1.91 -0.16 -0.04 0.97 
-3.39 -4.85 2.24 -0.17 -0.05 0.96 
-5.13 -0.65 0.12 -0.16 -0.04 0.95 
-5.47 -1.76 -1.37 -0.17 -0.04 0.97 
--------------end----------------
4.11 -14.35 -0.04 -0.12 -0.02 1.04 
3.67 11.3 0.92 -0.13 -0.02 0.96 
-0.48 6.9 -1.09 -0.13 -0.02 0.93 
2.4 12.79 19.82 -0.12 -0.03 0.98 
-4.62 6.95 6.1 -0.09 0.0 0.98 
-4.31 3.86 -1.71 -0.15 0.0 0.98 
-1.33 -0.29 -6.35 -0.18 -0.0 0.97 
-3.64 1.85 -2.26 -0.17 0.01 0.95 
-6.11 0.54 0.11 -0.15 0.02 1.0 
-5.34 -0.77 -1.57 -0.16 0.01 0.97 
8.99 16.69 3.62 -0.18 0.02 0.92 
--------------end----------------
-143.01 21.89 -1.76 -0.18 -0.07 1.06 
-39.89 -6.88 -10.56 -0.25 -0.29 1.4 
14.52 8.51 10.54 -0.22 -0.23 1.1 
2.02 -8.63 4.77 -0.24 -0.15 0.91 
-2.38 -4.02 0.56 -0.25 -0.13 0.94 
-6.15 0.78 1.01 -0.26 -0.09 0.96 
-1.86 2.3 1.47 -0.22 -0.11 0.95 
-2.05 -0.66 4.05 -0.24 -0.11 0.95 
-8.83 -7.42 -9.05 -0.16 -0.11 0.98 
-3.81 2.31 0.3 -0.22 -0.13 0.93 
-0.74 1.98 -1.05 -0.23 -0.11 0.96 
36.28 29.1 9.06 -0.29 -0.09 1.15 
--------------end----------------
-1.66 -1.73 -0.04 -0.2 -0.02 0.95 
-6.21 -6.23 1.32 -0.17 0.02 0.96 
-4.68 -1.66 3.46 -0.18 -0.01 0.95 
-9.83 2.93 -1.66 -0.17 0.02 1.02 
-1.11 -0.64 1.25 -0.21 -0.0 0.96 
-16.25 -12.08 -0.47 -0.2 0.01 0.94 
-3.02 1.92 1.18 -0.17 0.01 0.99 
-1.34 1.04 -0.05 -0.18 -0.0 0.98 
--------------end----------------
0.87 1.36 -17.15 -0.2 -0.05 1.0 
0.59 2.89 -5.34 -0.21 -0.04 0.93 
-7.32 -1.85 -0.18 -0.25 -0.02 0.95 
-8.44 -4.83 0.63 -0.18 -0.05 0.89 
-3.61 -3.12 -1.49 -0.18 -0.05 0.98 
-11.5 -3.98 -2.2 -0.19 -0.04 0.98 
-4.36 -0.43 -1.74 -0.18 -0.04 0.97 
3.42 1.47 -0.31 -0.18 -0.05 0.99 
19.09 15.71 1.18 -0.2 -0.02 1.04 
--------------end----------------
-0.13 15.76 6.66 -0.04 0.16 0.84 
-15.25 8.11 14.0 0.01 0.0 1.08 
-9.49 6.09 5.05 0.08 -0.01 1.03 
-11.79 -1.88 -0.18 -0.01 0.02 0.91 
-6.84 4.54 1.63 0.03 -0.02 1.01 
-9.44 -4.0 3.7 0.0 -0.02 0.99 
-8.16 -1.05 5.32 0.02 -0.05 1.01 
-8.09 -1.87 -2.45 0.04 -0.05 0.97 
-4.56 1.53 -4.21 0.02 -0.05 1.0 
-1.92 -1.21 -0.77 0.01 -0.03 0.97 
--------------end----------------
-6.17 -0.45 -6.83 -0.23 -0.13 0.91 
1.6 0.31 2.76 -0.2 -0.13 0.99 
-3.07 -2.74 2.66 -0.17 -0.16 0.95 
-3.7 1.07 2.96 -0.18 -0.17 0.99 
1.27 -3.11 -3.8 -0.15 -0.2 0.93 
-1.16 2.07 -3.32 -0.18 -0.13 0.93 
-12.28 -1.38 -1.77 -0.2 -0.12 0.93 
-5.88 1.17 6.55 -0.18 -0.2 0.94 
-2.33 4.05 1.63 -0.17 -0.15 0.96 
16.4 15.07 8.57 -0.18 -0.14 1.02 
--------------end----------------
-22.93 8.8 4.79 -0.2 0.06 1.05 
-0.85 -0.81 -0.14 -0.19 0.03 0.98 
-6.21 2.43 0.86 -0.2 0.06 0.97 
-8.35 -1.56 2.55 -0.2 0.06 1.01 
-7.47 -2.84 -1.5 -0.19 0.03 1.0 
-8.17 -1.11 0.03 -0.19 0.03 0.96 
-8.17 -5.5 -0.36 -0.18 0.02 0.95 
-4.76 -2.11 -0.63 -0.15 0.01 0.95 
-6.74 -2.18 -1.12 -0.16 0.01 0.94 
--------------end----------------
-13.42 11.37 -1.98 -0.23 -0.27 1.2 
-4.92 5.54 5.64 -0.21 -0.2 0.97 
-4.24 1.01 -1.35 -0.27 -0.23 0.94 
-3.56 -0.44 -0.5 -0.29 -0.22 0.92 
-5.92 -0.5 -0.53 -0.26 -0.22 0.92 
0.42 1.03 -0.01 -0.3 -0.17 0.9 
-4.82 -0.9 6.87 -0.28 -0.19 0.95 
-5.23 -3.06 3.85 -0.21 -0.21 0.91 
-1.95 -3.74 -4.08 -0.25 -0.19 0.95 
-2.42 2.27 3.05 -0.26 -0.17 0.9 
-2.43 -0.72 -1.35 -0.26 -0.19 0.94 
22.14 22.44 1.27 -0.3 -0.15 0.97 
--------------end----------------
-9.89 1.91 -5.5 -0.17 -0.06 0.98 
-4.02 1.21 7.35 -0.3 0.0 0.97 
-7.63 2.54 14.77 -0.2 -0.02 0.94 
-5.56 -2.94 9.23 -0.19 -0.01 0.94 
-6.8 0.01 11.73 -0.23 0.02 0.98 
-11.55 -6.38 14.39 -0.19 -0.04 0.97 
-4.86 -2.66 12.91 -0.18 -0.08 1.0 
1.83 -3.66 9.22 -0.15 -0.08 1.04 
4.2 -2.68 -2.2 -0.2 -0.04 0.9 
-4.46 5.33 -2.14 -0.19 -0.02 0.83 
-6.79 16.78 -0.43 -0.21 -0.03 0.93 
--------------end----------------
-18.21 -17.53 0.91 -0.25 0.01 0.9 
-15.9 8.95 5.73 -0.28 0.03 0.98 
-10.34 6.53 8.9 -0.26 0.02 0.97 
-11.09 -2.79 0.47 -0.25 0.02 0.9 
-1.76 -1.66 0.85 -0.26 -0.01 0.97 
-5.99 -4.72 -4.55 -0.26 -0.0 0.92 
-9.3 -0.21 -3.85 -0.26 -0.01 0.92 
0.93 1.06 -5.78 -0.27 -0.01 1.0 
--------------end----------------
-4.4 0.7 -0.2 -0.22 -0.0 0.96 
-1.15 1.27 1.33 -0.22 -0.0 0.99 
-3.17 0.5 1.5 -0.2 0.02 0.98 
-5.75 3.26 1.86 -0.25 -0.01 0.98 
-1.8 5.74 1.73 -0.21 -0.01 0.92 
-5.37 -0.05 1.01 -0.24 -0.01 0.97 
-3.27 -2.78 -0.1 -0.21 -0.02 0.95 
-3.19 -2.02 -0.79 -0.23 -0.02 0.97 
7.02 11.58 -0.36 -0.23 0.01 0.96 
--------------end----------------
-4.84 -1.05 3.13 -0.22 0.02 0.96 
-5.99 -0.21 3.01 -0.24 0.01 0.95 
-8.6 1.79 2.27 -0.22 0.02 0.89 
-1.48 -0.63 9.37 -0.21 0.02 0.96 
-4.13 -3.42 2.32 -0.18 0.03 0.94 
-4.13 -1.26 -1.03 -0.22 0.03 0.92 
-6.86 0.85 1.27 -0.23 0.03 0.95 
-4.16 0.95 0.59 -0.21 0.01 0.97 
--------------end----------------
-7.93 7.28 3.58 -0.25 0.04 0.93 
-2.22 -8.61 -0.9 -0.34 -0.03 1.0 
-10.27 1.18 1.83 -0.27 0.0 0.96 
-3.45 1.79 -0.47 -0.27 -0.01 0.96 
-4.11 -1.98 -0.11 -0.28 -0.0 0.95 
-5.95 3.01 2.62 -0.26 0.01 0.96 
-5.69 -0.04 0.49 -0.28 0.0 0.95 
-1.98 -1.56 0.35 -0.24 -0.0 0.92 
-3.0 0.68 2.63 -0.28 0.0 0.95 
11.13 9.96 3.0 -0.27 0.02 0.99 
--------------end----------------
-1.88 3.32 3.71 -0.24 0.04 0.97 
-5.92 -4.4 -1.65 -0.22 0.06 0.96 
-1.03 -3.1 2.03 -0.21 0.04 0.93 
-2.44 1.35 4.24 -0.24 0.06 0.94 
-8.38 -5.64 2.89 -0.26 0.07 0.95 
-15.1 3.24 11.34 -0.25 0.04 0.96 
-13.92 -4.57 3.16 -0.2 0.03 0.97 
--------------end----------------
1.12 17.57 10.53 -0.11 0.12 1.03 
-4.15 -10.29 -7.25 -0.06 0.1 1.01 
-15.42 -4.63 -2.79 -0.06 0.08 0.92 
-15.48 14.84 -1.5 0.03 0.07 0.93 
-11.6 -8.76 1.05 -0.1 0.04 0.95 
-8.01 -1.15 17.21 -0.04 -0.02 0.95 
-12.33 -20.15 12.96 -0.04 0.0 1.02 
-7.47 6.76 4.39 -0.02 -0.03 0.98 
-4.38 1.31 4.17 -0.03 -0.07 1.04 
11.4 7.18 3.73 -0.05 -0.01 1.0 
--------------end----------------
1.75 -7.12 10.12 -0.18 0.02 1.03 
18.12 -6.43 17.17 -0.18 -0.03 0.91 
-0.12 -17.25 7.9 -0.18 0.01 0.9 
-11.86 1.89 13.93 -0.14 0.01 0.92 
-8.63 4.0 8.8 -0.11 -0.0 1.01 
1.48 -0.34 3.98 -0.12 0.05 0.94 
-10.14 1.67 11.29 -0.08 0.01 0.91 
-7.41 -2.88 -9.02 -0.08 -0.03 1.01 
-1.02 -2.58 -3.79 -0.16 0.07 0.99 
4.93 -1.08 3.42 -0.13 0.08 1.03 
--------------end----------------
8.34 2.59 -5.18 -0.22 -0.06 0.95 
-2.8 4.62 0.69 -0.26 -0.05 0.96 
-2.82 0.07 -1.24 -0.24 -0.04 0.95 
-5.19 2.43 -0.66 -0.24 -0.04 0.89 
0.12 -7.5 -4.44 -0.32 -0.03 0.88 
-1.84 -5.68 6.21 -0.27 -0.02 0.92 
-17.27 -3.26 4.8 -0.24 -0.03 0.92 
-6.84 -3.14 -0.92 -0.24 -0.06 0.94 
-6.03 -0.69 2.6 -0.23 -0.06 0.94 
-0.11 5.49 2.1 -0.26 -0.05 0.98 
23.12 15.45 -6.89 -0.31 0.01 0.91 
--------------end----------------
-22.63 6.52 -5.2 0.06 0.13 0.93 
-1.87 2.98 -8.82 0.03 0.08 1.01 
-6.42 1.71 1.47 0.06 0.07 0.94 
-4.85 3.66 -2.91 0.03 0.09 0.95 
-7.33 5.43 -0.66 0.03 0.08 0.99 
-6.11 6.35 -1.4 0.04 0.08 0.98 
-7.24 1.48 1.02 0.01 0.09 1.0 
-2.7 1.5 -0.87 0.0 0.07 0.98 
-0.61 -0.37 1.63 -0.01 0.07 1.0 
-5.43 -1.53 3.38 0.04 0.08 0.97 
2.39 5.18 -2.82 0.03 0.09 0.99 
4.55 10.91 0.0 -0.0 0.13 1.0 
--------------end----------------
-14.08 -3.27 0.07 -0.18 -0.03 0.98 
-3.41 -4.63 0.27 -0.19 -0.02 1.01 
-2.08 -3.73 -1.3 -0.19 -0.0 0.95 
-6.97 -1.74 -0.58 -0.16 0.01 0.97 
-6.26 0.83 -0.17 -0.12 0.0 0.93 
-5.98 1.56 -2.98 -0.17 -0.0 0.97 
-6.15 1.08 -0.15 -0.2 -0.0 0.99 
-2.51 2.22 3.08 -0.17 -0.02 0.96 
-0.71 0.5 1.88 -0.17 -0.02 0.94 
12.67 8.52 1.11 -0.2 -0.0 1.02 
--------------end----------------
-3.46 1.58 3.86 -0.13 0.06 0.93 
-4.56 -3.32 4.92 -0.14 0.05 0.95 
-7.52 -4.03 -2.39 -0.14 0.06 0.95 
-7.74 0.36 -2.33 -0.18 0.06 0.96 
-7.5 0.23 0.26 -0.17 0.05 0.98 
-5.66 -2.44 -0.34 -0.16 0.05 0.96 
-0.18 2.08 0.97 -0.18 0.06 0.98 
-0.11 8.76 -1.25 -0.16 0.06 0.96 
--------------end----------------
-6.55 -4.79 -4.31 -0.2 -0.02 0.95 
-7.51 -3.79 -3.78 -0.18 -0.01 0.96 
-3.5 0.9 1.85 -0.19 -0.0 0.96 
-6.37 0.38 2.89 -0.19 -0.0 0.96 
-6.85 -3.37 -2.15 -0.21 -0.03 1.01 
0.93 3.57 1.51 -0.17 -0.0 0.96 
-5.26 1.7 1.24 -0.17 0.01 0.99 
--------------end----------------
-2.21 2.37 2.3 -0.18 0.0 0.99 
-6.6 -0.34 2.72 -0.19 0.01 1.0 
-3.22 0.8 1.32 -0.15 0.01 0.94 
-4.51 -0.75 1.34 -0.18 0.02 0.99 
-6.33 -1.89 3.78 -0.19 -0.01 0.99 
-1.4 -2.6 4.6 -0.16 -0.02 0.96 
-2.15 1.33 0.04 -0.11 0.0 0.93 
-4.02 2.01 2.98 -0.19 0.01 0.98 
--------------end----------------
-4.33 -4.63 0.47 -0.09 0.02 0.98 
-7.34 -1.38 1.86 -0.09 0.03 0.99 
-3.59 -1.47 0.72 -0.08 0.01 0.98 
-6.17 -2.54 -0.18 -0.06 0.03 0.95 
-6.94 -0.7 1.2 -0.07 0.03 0.96 
-4.16 -1.34 1.0 -0.08 0.01 1.0 
-4.1 1.21 0.34 -0.08 0.03 0.99 
--------------end----------------
11.63 13.88 2.98 -0.14 -0.01 1.02 
-2.05 -2.63 0.07 -0.15 0.03 0.99 
-8.99 -4.4 0.34 -0.15 0.04 0.97 
-2.69 -2.85 3.56 -0.1 0.02 0.99 
-5.24 -1.59 -0.43 -0.12 0.02 0.97 
-6.53 -1.18 0.01 -0.1 0.02 0.97 
-3.79 0.06 0.21 -0.11 0.02 0.96 
-2.34 -2.25 0.06 -0.13 0.02 1.0 
--------------end----------------
-5.43 18.78 -8.15 -0.1 0.1 1.0 
-6.22 -3.28 3.5 -0.07 0.04 0.99 
-3.15 -2.16 3.15 -0.02 0.03 0.98 
-3.14 5.69 -1.29 -0.05 0.03 0.98 
-13.95 -0.84 -4.86 -0.08 0.04 1.0 
-0.31 5.99 -1.27 -0.06 0.03 0.93 
-5.77 -0.67 1.07 -0.05 0.04 0.91 
-2.39 -1.49 2.26 -0.06 0.03 0.98 
14.06 12.54 0.99 -0.1 0.03 1.1 
--------------end----------------
-4.74 -8.42 1.9 -0.07 0.02 0.97 
-8.66 2.18 0.23 -0.07 0.02 1.0 
-4.78 0.38 -0.22 -0.02 0.02 0.99 
-7.77 -5.64 0.89 -0.07 0.02 0.98 
-6.95 -1.98 0.63 -0.02 0.03 0.96 
-6.08 0.63 0.01 -0.05 0.01 0.99 
3.92 21.8 -9.18 -0.03 -0.02 0.94 
8.27 -9.79 2.34 -0.08 0.02 0.96 
-3.82 3.97 0.57 -0.07 0.03 1.01 
-9.37 -2.47 -0.5 -0.07 0.02 0.99 
-9.85 -11.65 3.47 -0.09 0.02 0.99 
8.83 7.24 4.47 -0.06 0.02 0.99 
--------------end----------------
-7.23 -0.17 1.76 -0.12 0.01 1.0 
-3.02 0.73 2.26 -0.1 0.04 0.99 
-9.25 -0.84 2.22 -0.08 0.04 0.98 
-4.49 1.2 -0.9 -0.11 0.02 0.97 
4.17 11.22 4.31 -0.1 0.02 1.04 
25.61 19.38 13.34 -0.1 0.08 0.87 
--------------end----------------
-6.63 -10.21 0.92 -0.25 0.09 0.97 
-5.64 -10.22 5.02 -0.24 0.05 0.84 
-7.79 5.67 1.95 -0.23 0.03 0.99 
-4.54 -4.77 1.66 -0.24 0.04 0.96 
-6.66 -6.5 4.69 -0.21 0.04 0.81 
-12.27 -12.02 6.59 -0.23 0.03 0.87 
-6.68 6.84 3.39 -0.23 0.0 1.04 
-5.8 1.72 -0.11 -0.19 0.03 0.91 
-3.3 -0.24 4.16 -0.23 0.03 0.94 
--------------end----------------
-13.11 34.17 -14.85 -0.2 0.05 1.06 
1.56 -1.14 2.78 -0.19 0.04 0.93 
-25.4 3.37 9.88 -0.26 0.03 0.87 
-8.55 -2.31 -4.15 -0.22 -0.03 0.99 
-1.09 8.08 0.2 -0.19 -0.02 0.93 
-7.87 -8.29 -2.67 -0.18 -0.02 0.99 
-6.09 1.68 -0.09 -0.12 -0.05 0.95 
-7.95 36.17 23.74 -0.11 -0.06 1.06 
-6.69 15.09 10.5 -0.13 -0.05 0.97 
--------------end----------------
-4.82 -5.74 1.82 0.01 0.25 0.97 
-7.92 -0.58 3.29 0.02 0.25 0.92 
-0.31 4.27 1.31 0.02 0.26 0.95 
-2.68 -1.02 0.73 0.01 0.26 0.94 
-5.47 5.04 0.47 -0.0 0.26 0.95 
-4.78 -0.66 1.18 0.01 0.26 0.94 
-6.89 1.31 2.34 0.01 0.27 0.94 
-3.53 -0.48 0.57 0.01 0.26 0.96 
-6.66 -1.02 0.82 0.01 0.26 0.95 
-5.52 -0.25 -0.63 0.02 0.24 0.94 
--------------end----------------
-12.73 -2.1 -0.17 -0.06 0.24 0.94 
-5.83 4.43 0.53 -0.07 0.22 0.95 
-3.5 6.6 2.07 -0.07 0.22 0.96 
-2.12 -1.5 1.96 -0.08 0.23 0.97 
-4.05 0.76 1.64 -0.08 0.24 0.96 
-5.46 -0.27 1.23 -0.08 0.23 0.94 
-4.85 -0.6 1.13 -0.08 0.24 0.94 
2.64 11.58 -2.8 -0.05 0.27 1.01 
--------------end----------------
-12.21 -16.26 4.66 -0.1 0.23 0.93 
-3.98 4.87 0.95 -0.1 0.24 0.96 
-4.4 3.28 0.46 -0.11 0.22 0.93 
-6.21 -2.52 0.5 -0.11 0.24 0.96 
-6.1 1.56 1.85 -0.11 0.22 0.95 
-3.44 1.05 1.17 -0.11 0.24 0.95 
-6.05 -0.32 1.55 -0.12 0.24 0.97 
-8.83 0.35 1.74 -0.1 0.23 0.96 
-0.22 -3.04 -0.07 -0.11 0.23 0.96 
--------------end----------------
-4.92 -13.56 3.48 -0.12 0.24 1.0 
-4.68 -1.44 0.85 -0.11 0.24 0.96 
-8.6 8.81 -0.68 -0.12 0.22 0.95 
-5.05 -0.86 0.85 -0.11 0.23 0.93 
-5.98 -1.31 0.76 -0.12 0.23 0.95 
-6.16 0.15 1.41 -0.12 0.22 0.95 
--------------end----------------
-9.8 -11.81 1.23 -0.09 0.22 0.96 
-3.93 -0.65 0.25 -0.11 0.21 0.95 
-2.41 5.14 1.61 -0.12 0.21 0.97 
-7.13 -1.49 0.25 -0.11 0.18 0.94 
-3.26 -0.31 1.2 -0.11 0.2 0.96 
-3.58 -0.92 0.52 -0.1 0.19 0.97 
-4.97 1.16 0.18 -0.1 0.21 0.96 
-2.35 7.21 0.41 -0.09 0.21 1.0 
--------------end----------------
-6.22 -2.39 2.04 -0.13 0.19 0.96 
-5.44 -3.29 1.67 -0.13 0.2 0.95 
-4.86 -0.45 0.92 -0.12 0.2 0.96 
-5.27 -1.11 0.86 -0.12 0.19 0.96 
-6.11 -0.94 1.32 -0.12 0.19 0.95 
-5.05 1.62 0.56 -0.12 0.2 0.96 
-1.15 3.28 0.82 -0.11 0.2 0.98 
-7.71 -5.4 -0.69 -0.12 0.19 0.95 
-5.89 -1.09 -1.25 -0.11 0.2 0.94 
-3.85 -0.51 1.44 -0.11 0.2 0.96 
--------------end----------------
-4.13 1.04 3.13 -0.09 0.19 0.96 
-3.9 -0.46 0.54 -0.1 0.19 0.95 
-4.37 0.82 1.34 -0.09 0.18 0.98 
-5.47 -1.13 0.91 -0.11 0.19 0.96 
-3.51 -2.19 0.63 -0.11 0.18 0.98 
-4.96 -0.79 1.48 -0.1 0.19 0.97 
-3.5 -0.21 0.58 -0.1 0.18 0.95 
-4.25 -0.83 0.3 -0.11 0.19 0.96 
--------------end----------------
-4.3 1.37 0.9 -0.12 0.19 0.96 
-4.77 -1.39 0.85 -0.12 0.16 0.97 
-2.5 -1.07 4.7 -0.12 0.18 0.97 
-3.35 -0.96 2.28 -0.11 0.21 0.96 
-4.07 -0.64 0.93 -0.1 0.18 0.95 
-3.76 1.92 -0.5 -0.11 0.19 0.97 
7.86 18.86 -0.89 -0.1 0.18 0.97 
--------------end----------------
5.08 -3.91 8.56 -0.15 0.16 1.03 
-7.37 6.33 0.28 -0.1 0.22 0.94 
-5.53 0.74 0.54 -0.13 0.21 0.95 
-6.44 -0.96 -0.05 -0.13 0.2 0.96 
-5.46 -1.55 1.13 -0.12 0.19 0.97 
-4.24 0.12 0.92 -0.11 0.2 0.96 
-4.8 2.78 -0.15 -0.12 0.19 0.94 
-0.25 3.73 2.34 -0.12 0.2 0.98 
--------------end----------------
-6.11 -12.61 7.73 -0.12 0.2 0.97 
2.34 -0.73 1.38 -0.1 0.21 0.96 
-10.56 0.96 -0.46 -0.12 0.19 0.95 
-3.98 -1.53 1.47 -0.12 0.18 0.97 
-5.12 -0.85 0.15 -0.12 0.18 0.96 
-5.66 -1.55 1.05 -0.11 0.19 0.95 
-2.47 -6.67 -4.06 -0.1 0.2 0.97 
--------------end----------------
-11.16 -25.52 12.84 -0.1 0.18 1.01 
-0.01 -13.24 8.53 -0.05 0.21 0.96 
-4.91 11.91 -0.76 -0.07 0.19 0.97 
-3.73 1.81 0.38 -0.09 0.16 0.96 
-5.69 -0.23 1.05 -0.09 0.17 0.96 
-4.54 -2.67 0.8 -0.09 0.17 0.98 
-2.03 -3.82 3.27 -0.07 0.18 0.97 
-4.42 11.46 -0.92 -0.08 0.19 0.98 
--------------end----------------
-3.5 -16.64 4.75 -0.09 0.19 0.96 
-2.05 -1.49 2.11 -0.11 0.19 0.96 
-3.71 -1.17 1.08 -0.12 0.19 0.96 
-5.28 -0.59 0.23 -0.11 0.19 0.96 
-3.27 -1.08 1.38 -0.11 0.2 0.95 
-3.19 0.47 -0.73 -0.11 0.2 0.97 
--------------end----------------
-4.42 -19.23 5.97 -0.1 0.19 0.95 
-1.94 4.21 1.71 -0.08 0.21 0.95 
-7.62 11.1 -1.03 -0.1 0.19 0.95 
-4.82 0.29 0.63 -0.1 0.2 0.96 
-3.18 -0.69 1.04 -0.1 0.2 0.95 
-5.18 0.69 0.33 -0.11 0.2 0.96 
-4.89 1.95 0.28 -0.11 0.19 0.96 
-9.76 0.94 1.11 -0.12 0.19 0.94 
--------------end----------------
-1.05 -11.41 8.46 -0.09 0.21 0.98 
-5.22 3.52 1.02 -0.08 0.23 0.94 
-3.28 -1.69 1.4 -0.1 0.19 0.96 
-3.76 -1.78 0.95 -0.1 0.2 0.95 
-4.96 -1.05 0.38 -0.11 0.2 0.96 
-4.33 -0.46 1.1 -0.09 0.2 0.95 
-5.98 -0.19 1.46 -0.1 0.19 0.96 
-5.73 0.89 -0.15 -0.1 0.19 0.96 
--------------end----------------
1.28 -2.95 12.41 -0.09 0.2 0.96 
2.13 -4.24 4.6 -0.1 0.24 0.93 
-8.18 4.15 -1.16 -0.12 0.2 0.94 
-4.88 0.87 0.11 -0.13 0.19 0.96 
-5.83 0.01 0.51 -0.11 0.21 0.95 
-7.56 -0.52 0.23 -0.13 0.2 0.96 
-2.34 3.68 -5.29 -0.12 0.23 0.94 
--------------end----------------
-2.69 -5.03 4.51 -0.08 0.23 0.97 
-3.34 2.34 1.37 -0.13 0.21 0.93 
-3.73 1.53 0.6 -0.13 0.21 0.95 
-5.17 -1.19 1.72 -0.12 0.2 0.95 
-2.89 -1.11 1.39 -0.11 0.2 0.96 
-4.19 -0.88 0.8 -0.12 0.21 0.95 
0.21 5.6 -1.64 -0.09 0.23 0.98 
--------------end----------------
-5.99 -21.26 6.47 -0.07 0.21 0.95 
-2.34 4.16 2.05 -0.1 0.2 0.96 
-5.02 0.18 0.36 -0.11 0.2 0.95 
-5.18 0.37 1.14 -0.11 0.2 0.95 
-5.16 -1.2 0.85 -0.11 0.2 0.95 
-4.69 -0.04 0.6 -0.1 0.2 0.96 
4.83 18.82 -1.74 -0.08 0.21 0.99 
--------------end----------------
-6.76 5.56 0.16 -0.1 0.19 0.94 
-5.85 -1.42 0.74 -0.1 0.19 0.95 
-4.37 -0.41 1.03 -0.11 0.2 0.95 
-4.75 -1.11 0.57 -0.1 0.2 0.96 
-5.08 -0.68 1.15 -0.1 0.2 0.96 
-4.56 -0.27 1.27 -0.1 0.19 0.95 
-3.23 -1.13 0.69 -0.11 0.2 0.95 
1.27 3.05 0.98 -0.1 0.2 0.97 
--------------end----------------
-5.05 2.27 -0.33 -0.1 0.21 0.95 
-3.56 4.29 0.08 -0.11 0.19 0.97 
-7.89 -4.89 1.43 -0.12 0.19 0.95 
-6.63 -1.85 0.44 -0.12 0.19 0.94 
-3.04 -1.54 1.85 -0.1 0.21 0.95 
-4.86 -1.18 1.92 -0.1 0.19 0.97 
-2.93 -1.79 -0.57 -0.11 0.21 0.97 
-5.44 2.13 -0.61 -0.11 0.2 0.97 
--------------end----------------
-6.24 2.49 1.02 -0.1 0.2 0.94 
-3.63 -0.85 1.13 -0.11 0.21 0.96 
-4.99 -0.91 0.93 -0.09 0.2 0.96 
-5.27 -0.26 0.63 -0.1 0.19 0.96 
-2.95 -0.69 0.85 -0.1 0.2 0.96 
--------------end----------------
-5.94 -9.5 3.53 -0.08 0.2 0.97 
-4.22 0.98 0.28 -0.11 0.21 0.95 
-2.89 2.74 1.44 -0.1 0.2 0.97 
-4.53 1.21 0.92 -0.1 0.2 0.96 
-5.72 -0.75 0.27 -0.11 0.2 0.95 
-4.38 0.26 0.81 -0.1 0.19 0.96 
-5.64 -0.04 0.77 -0.1 0.2 0.95 
-4.32 0.72 0.05 -0.1 0.2 0.96 
--------------end----------------
-5.4 1.34 1.85 -0.11 0.23 0.94 
-5.97 -0.8 0.37 -0.11 0.2 0.96 
-3.97 -1.16 0.85 -0.11 0.21 0.95 
-4.66 -0.69 0.97 -0.1 0.2 0.96 
-5.2 0.37 1.1 -0.1 0.21 0.95 
-3.79 0.04 1.05 -0.11 0.21 0.96 
--------------end----------------
-4.78 2.35 -0.15 -0.11 0.22 0.97 
-2.96 2.99 -0.12 -0.1 0.21 0.96 
-7.27 -0.33 0.6 -0.1 0.2 0.94 
-4.83 -0.56 1.06 -0.11 0.21 0.94 
-4.27 -1.02 1.13 -0.11 0.21 0.97 
-4.79 -0.95 0.56 -0.1 0.21 0.96 
-4.02 -0.34 1.11 -0.11 0.2 0.96 
-1.89 6.78 0.24 -0.1 0.22 0.95 
--------------end----------------
-4.7 -7.67 1.96 -0.09 0.22 0.98 
-4.49 3.54 1.36 -0.1 0.21 0.94 
-5.51 0.34 1.17 -0.1 0.2 0.95 
-4.31 -1.58 0.32 -0.11 0.2 0.96 
-5.66 0.05 0.05 -0.09 0.21 0.96 
-5.16 -0.72 0.58 -0.11 0.21 0.95 
-4.01 -0.05 1.27 -0.1 0.21 0.95 
-2.34 5.64 -0.27 -0.1 0.22 0.96 
--------------end----------------
-3.16 -2.37 2.12 -0.09 0.23 0.95 
-5.1 4.47 -0.62 -0.11 0.21 0.96 
-4.12 0.89 0.93 -0.1 0.21 0.95 
-5.12 -0.53 0.2 -0.1 0.2 0.95 
-4.55 -0.3 1.41 -0.11 0.2 0.95 
-4.71 -0.64 0.27 -0.11 0.21 0.95 
-3.19 0.13 1.78 -0.11 0.18 0.97 
--------------end----------------
-2.87 -6.65 4.28 -0.1 0.21 0.97 
-2.85 2.58 1.01 -0.1 0.21 0.94 
-4.79 0.42 1.46 -0.11 0.2 0.94 
-4.63 -1.27 0.85 -0.11 0.2 0.96 
-4.06 -0.53 0.54 -0.11 0.21 0.95 
-4.54 0.02 1.14 -0.11 0.2 0.95 
-5.11 0.19 1.06 -0.1 0.21 0.95 
--------------end----------------
-4.81 -10.97 3.29 -0.17 0.16 1.06 
-5.06 1.05 1.57 -0.09 0.2 0.96 
-3.31 -1.15 0.42 -0.1 0.21 0.96 
-5.27 -0.63 0.56 -0.1 0.2 0.95 
-3.95 -0.53 1.18 -0.1 0.21 0.95 
-5.41 0.55 0.92 -0.09 0.2 0.95 
--------------end----------------
-4.88 -4.26 1.56 -0.09 0.23 0.96 
-3.08 1.32 0.97 -0.09 0.2 0.97 
-4.87 0.42 1.5 -0.11 0.18 0.93 
-4.5 -0.27 0.34 -0.11 0.21 0.97 
-4.02 -0.76 0.61 -0.1 0.2 0.95 
-4.79 -0.15 1.86 -0.11 0.2 0.94 
--------------end----------------
-4.6 -9.1 5.47 -0.05 0.13 0.98 
-4.79 1.63 3.78 -0.04 0.17 0.98 
-3.43 0.29 1.53 -0.04 0.15 0.97 
-4.37 0.21 -0.01 -0.05 0.16 0.95 
-4.5 -1.71 0.84 -0.06 0.15 0.97 
-3.07 -2.49 0.12 -0.04 0.16 0.97 
--------------end----------------
-5.45 0.29 3.13 -0.06 0.15 0.98 
-11.16 3.58 6.5 -0.04 0.15 0.98 
-2.4 -0.34 1.13 -0.07 0.14 0.97 
-3.31 -1.63 1.59 -0.07 0.14 0.96 
-3.38 -1.22 1.27 -0.05 0.14 0.96 
-4.25 -0.56 0.84 -0.06 0.14 0.96 
--------------end----------------
-12.62 -17.58 24.14 -0.08 0.07 0.97 
-4.2 1.18 1.66 -0.05 0.05 0.96 
-4.31 4.46 4.93 -0.05 0.09 0.97 
-3.62 -0.38 -2.93 -0.03 0.07 0.97 
-5.04 -0.63 1.11 -0.04 0.07 0.97 
-3.46 0.38 2.27 -0.06 0.06 0.98 
0.56 -0.26 5.5 -0.05 0.08 0.97 
--------------end----------------
-2.76 -11.92 -3.8 -0.05 0.1 0.98 
-4.92 -0.29 1.18 -0.07 0.09 0.98 
-4.2 -1.24 0.21 -0.05 0.11 0.96 
-5.16 -1.88 0.81 -0.06 0.08 0.99 
-4.2 -2.34 0.41 -0.06 0.09 0.98 
-3.77 -1.04 0.44 -0.05 0.09 0.98 
-2.69 1.79 -0.69 -0.04 0.11 0.95 
--------------end----------------
-6.04 3.36 -0.89 -0.05 0.11 0.96 
-6.95 2.81 0.65 -0.1 0.09 0.98 
-4.77 -2.03 1.61 -0.07 0.09 0.95 
-3.5 -2.9 0.85 -0.09 0.09 0.98 
-4.92 0.6 1.12 -0.07 0.1 0.96 
-4.05 -0.5 1.05 -0.08 0.1 0.97 
-4.11 0.12 0.31 -0.08 0.1 0.97 
-3.61 2.74 -3.12 -0.08 0.09 0.98 
--------------end----------------
0.65 -12.88 1.58 -0.1 0.12 1.2 
-5.78 -10.13 -3.17 -0.07 0.08 0.99 
-3.54 4.95 1.89 -0.07 0.09 0.98 
-4.03 1.98 1.18 -0.08 0.08 0.97 
-5.08 -0.43 1.06 -0.08 0.08 0.98 
-5.44 -1.65 1.16 -0.07 0.09 0.96 
-4.12 -1.38 0.3 -0.08 0.08 0.98 
-4.82 0.36 0.1 -0.07 0.08 0.98 
-3.77 4.65 1.44 -0.07 0.09 0.99 
--------------end----------------
-13.18 -3.76 17.69 -0.32 0.19 0.94 
-8.79 -0.16 2.54 -0.27 0.14 0.94 
-8.32 -0.75 4.32 -0.26 0.16 0.93 
-7.13 -5.57 5.17 -0.26 0.15 0.93 
-11.23 0.44 6.89 -0.26 0.14 0.93 
-3.48 -2.82 3.02 -0.25 0.13 0.94 
3.48 -10.79 1.57 -0.25 0.13 0.96 
5.77 -9.09 -8.95 -0.22 0.2 0.92 
--------------end----------------
-10.41 5.46 1.15 -0.24 0.16 0.94 
-6.28 1.33 1.84 -0.24 0.16 0.94 
-5.23 -1.08 1.22 -0.25 0.15 0.96 
-6.21 -0.02 1.35 -0.24 0.15 0.94 
-3.83 6.11 0.24 -0.23 0.15 0.92 
-5.5 3.49 -0.11 -0.23 0.16 0.92 
-6.04 3.04 0.4 -0.25 0.16 0.94 
--------------end----------------
-3.07 -7.81 -8.43 -0.19 0.23 0.92 
1.84 -4.11 -0.27 -0.19 0.2 0.95 
-5.49 0.57 0.83 -0.18 0.21 0.94 
-3.05 2.18 -0.51 -0.19 0.21 0.95 
-0.03 -2.88 1.4 -0.18 0.21 0.94 
-3.99 3.94 0.18 -0.19 0.21 0.94 
-1.4 -3.29 1.06 -0.2 0.21 0.95 
--------------end----------------
-1.64 -1.47 -1.05 -0.23 0.24 0.92 
-5.98 2.38 0.76 -0.21 0.23 0.94 
-6.53 -0.47 1.5 -0.2 0.22 0.93 
-8.75 -9.47 1.02 -0.21 0.22 0.95 
-8.27 -0.21 1.11 -0.22 0.22 0.95 
-4.87 -3.73 -0.2 -0.23 0.23 0.92 
--------------end----------------
-7.84 5.56 -1.21 -0.22 0.24 0.93 
-3.34 1.02 -1.54 -0.23 0.23 0.93 
-4.55 2.66 0.06 -0.23 0.22 0.94 
-5.58 -1.52 0.0 -0.23 0.2 0.93 
-3.89 -0.11 -0.17 -0.23 0.23 0.94 
-4.55 -1.12 0.06 -0.22 0.22 0.92 
-5.14 0.18 0.56 -0.22 0.21 0.94 
-3.84 0.04 1.42 -0.21 0.22 0.93 
-4.82 2.56 1.31 -0.21 0.22 0.94 
--------------end----------------
-1.26 -1.8 1.5 -0.24 0.2 0.94 
-4.32 -0.01 0.74 -0.21 0.22 0.94 
-4.87 0.34 0.19 -0.2 0.21 0.95 
-3.38 0.93 1.47 -0.19 0.21 0.94 
-3.97 0.65 0.96 -0.19 0.22 0.94 
-5.0 -0.51 1.63 -0.21 0.23 0.94 
-3.89 0.4 1.07 -0.2 0.22 0.93 
-6.03 -1.26 0.47 -0.19 0.22 0.93 
-4.51 0.93 0.15 -0.19 0.22 0.94 
-4.69 -0.63 -0.01 -0.2 0.22 0.95 
-3.73 1.6 -0.09 -0.19 0.23 0.92 
-6.23 7.64 -0.84 -0.18 0.22 0.92 
--------------end----------------
3.11 -19.72 3.61 -0.11 0.13 1.03 
-4.54 -1.64 0.01 -0.1 0.13 0.97 
-4.15 -1.76 -0.53 -0.09 0.13 0.97 
-3.19 1.01 -1.4 -0.08 0.13 0.96 
-7.08 0.35 -0.41 -0.1 0.14 0.96 
-7.75 -0.08 2.93 -0.1 0.16 0.97 
-6.98 3.73 0.56 -0.09 0.14 0.95 
--------------end----------------
-14.91 -17.02 18.4 -0.02 0.16 0.94 
-10.01 -0.13 2.41 -0.01 0.11 0.99 
-4.78 1.93 2.32 -0.02 0.13 0.98 
-4.27 4.66 1.98 -0.01 0.16 0.97 
-3.84 0.27 4.09 -0.03 0.13 0.97 
-1.15 -0.05 0.68 -0.02 0.15 0.96 
-5.37 -0.17 0.9 -0.03 0.15 0.96 
-4.89 0.59 0.54 -0.03 0.14 0.97 
-5.78 0.48 -0.15 -0.02 0.16 0.96 
-2.95 -0.39 0.15 -0.02 0.15 0.97 
--------------end----------------
-1.3 0.47 2.26 -0.05 0.13 0.98 
-7.08 0.84 3.53 -0.05 0.12 0.97 
-2.44 0.69 2.66 -0.05 0.13 0.96 
-2.49 2.56 1.0 -0.04 0.11 0.98 
-6.6 -0.49 -0.27 -0.05 0.14 0.96 
-5.32 -1.51 1.3 -0.05 0.12 0.97 
-4.8 -1.34 0.98 -0.05 0.12 0.96 
-2.84 4.52 1.18 -0.04 0.12 0.99 
--------------end----------------
-3.69 -8.97 2.07 -0.05 0.09 0.98 
-10.47 3.06 0.09 -0.05 0.08 0.97 
-6.48 0.07 1.66 -0.06 0.08 0.99 
-2.86 -2.71 1.15 -0.06 0.08 0.98 
-8.16 4.05 0.76 -0.07 0.08 0.96 
-4.53 -0.45 0.54 -0.06 0.08 0.98 
-5.21 -1.15 0.56 -0.06 0.08 0.97 
-5.27 -1.42 1.31 -0.06 0.09 0.98 
-3.34 2.37 -0.03 -0.05 0.09 0.97 
-5.03 -1.9 0.82 -0.07 0.08 0.99 
--------------end----------------
-1.87 -0.29 0.35 0.03 0.49 0.86 
-6.54 0.23 -0.37 0.02 0.47 0.85 
-7.14 -0.89 0.45 0.02 0.47 0.87 
-3.51 0.81 0.99 0.03 0.47 0.86 
-5.34 -0.07 -0.02 0.02 0.45 0.87 
-5.02 1.93 1.08 0.03 0.46 0.86 
-5.51 -3.59 -0.35 0.02 0.47 0.86 
-9.01 -1.06 -0.5 0.03 0.46 0.88 
0.95 12.22 3.8 0.02 0.45 0.87 
--------------end----------------
-2.65 -1.85 1.93 0.06 0.47 0.88 
-5.31 -0.07 0.98 0.05 0.47 0.86 
-6.56 3.57 0.77 0.05 0.46 0.85 
-6.77 1.29 1.68 0.05 0.47 0.86 
-5.45 -1.89 0.97 0.04 0.47 0.85 
-4.95 0.36 0.57 0.03 0.46 0.86 
-4.15 2.56 -0.4 0.04 0.46 0.87 
-3.11 1.95 0.82 0.04 0.46 0.86 
-5.28 -1.23 0.59 0.04 0.47 0.88 
--------------end----------------
2.67 -8.84 -14.04 0.05 0.5 0.87 
-1.44 3.44 -4.45 0.03 0.53 0.85 
-3.47 -3.35 0.0 0.01 0.52 0.84 
-7.2 -2.56 1.78 0.02 0.51 0.83 
-4.45 -0.07 0.26 0.01 0.51 0.84 
-2.32 -0.21 -0.49 0.02 0.51 0.85 
-5.31 -0.92 -1.65 0.02 0.5 0.84 
-6.27 0.26 -0.18 0.01 0.5 0.84 
-6.18 1.85 -1.5 0.01 0.51 0.86 
--------------end----------------
-3.53 -13.21 -0.18 -0.07 0.5 0.86 
-13.5 -15.33 -0.4 -0.03 0.5 0.79 
-10.11 2.76 0.12 -0.03 0.51 0.83 
-6.09 0.74 2.31 -0.04 0.51 0.84 
-4.89 -2.31 3.01 -0.03 0.5 0.84 
-2.85 1.04 0.4 -0.03 0.5 0.85 
-0.75 -1.64 0.29 -0.03 0.5 0.84 
-5.23 1.17 0.27 -0.03 0.52 0.85 
-6.06 -0.64 1.91 -0.03 0.5 0.84 
-2.54 -1.08 0.51 -0.03 0.5 0.85 
--------------end----------------
-3.44 -3.68 14.99 -0.12 0.59 0.78 
1.84 4.48 -0.91 -0.09 0.59 0.78 
-2.9 3.18 -3.5 -0.11 0.57 0.79 
-6.86 -5.19 -8.56 -0.13 0.59 0.79 
-3.14 -2.36 0.57 -0.11 0.55 0.79 
-10.63 -5.86 -4.6 -0.12 0.56 0.79 
-7.56 -0.72 -4.89 -0.11 0.55 0.81 
-6.94 -0.53 0.18 -0.12 0.56 0.8 
-4.27 -1.27 -0.83 -0.12 0.55 0.8 
-3.73 -0.97 -0.21 -0.13 0.55 0.8 
-5.5 0.49 0.98 -0.13 0.55 0.8 
--------------end----------------
-2.69 0.92 -0.2 -0.06 -0.14 0.97 
-6.09 1.28 -1.96 -0.07 -0.14 0.96 
-3.35 -1.1 -0.58 -0.08 -0.14 0.98 
-6.85 -3.0 -1.72 -0.08 -0.15 0.98 
-1.59 -1.78 0.3 -0.07 -0.15 0.96 
-3.19 0.08 1.47 -0.07 -0.15 0.97 
-2.56 0.18 1.34 -0.07 -0.13 0.96 
3.73 11.48 -1.37 -0.08 -0.14 0.99 
--------------end----------------
-8.13 -10.21 3.3 -0.05 -0.2 0.96 
-0.95 -1.39 4.17 -0.06 -0.18 0.95 
-0.79 1.48 0.08 -0.06 -0.18 0.95 
-3.41 -0.79 -0.28 -0.06 -0.19 0.96 
-4.24 -0.57 1.59 -0.05 -0.18 0.96 
-4.4 -3.19 1.02 -0.04 -0.17 0.97 
-5.32 -0.95 1.69 -0.05 -0.17 0.97 
-4.52 2.18 0.64 -0.04 -0.19 0.96 
-1.92 1.05 1.31 -0.04 -0.19 0.96 
--------------end----------------
2.06 -6.32 0.01 0.05 -0.15 0.98 
-2.85 10.48 5.71 0.04 -0.15 0.98 
15.21 9.62 -1.14 0.03 -0.12 0.97 
0.77 5.34 -2.57 0.02 -0.1 0.96 
-6.6 0.24 -2.75 0.03 -0.13 0.96 
-12.98 -4.01 1.76 0.01 -0.13 0.98 
-0.61 0.24 -0.19 0.03 -0.13 0.98 
-5.38 -1.19 -0.57 0.03 -0.15 0.96 
--------------end----------------
